11111111100111011111111111111111
11111111000000000111111111111111
11111100010000000111111111111111
11111000000000000011111111111111
11111000000000000001111111111111
11110000110000000000111111111111
11110000111000001011111111111111
11111111111110011111001111111111
11111111111111111110101111111111
11111001011111111111000111111111
11111000011111111111000011111111
11110000000111110111110011111111
11100000000011100011110001111111
11100001100001110000110001111111
11100001110000100000010111111111
11100001111000111000011111111111
11110001111110111010000001111111
11110000011011111111100001111111
11110000000000111000101001111111
11111000000000111110000001111111
11101100000000111000000001111111
11111110000000100000000011111111
11111111100000000000000011111111
11111111110000000000000011110011
11111111111000000000000111110011
11111111111110000000000110011111
11111111111111111111111111111111
11111111111111111111111111111111
11111111111111111111111111111111
11111111111111111111111111111111
11111111111111111111111111111111
11111111111111111111111111111111
