11111111111111111111111111111111
11111111111111111111111111111111
11111111111111111111111111111111
11111111111111111111111111111111
11111111111111111111111111111111
11111111000000011111111111111111
11111110000000000111111111111111
11111000000000000011111111111111
11110000000000000001111111111111
11111110000000000001111111111111
11111100000001110010011111111111
11000111111111110111000111111111
11000111111111111111100001111111
11000000010111111111110000111111
10000000010000011111110000111111
10000001111110000111111111111111
10000000010110000000111100111111
10000100000110110000011100011111
10000111111111110001111000001111
10000111111111100001111000001111
11000111111111100001111000001111
11000011111111100011110000001111
11000001111111000001110000011111
11100000000010000000000000011111
11111000000000000010000000011111
11111110000000000000000000111111
11111111111000000000000000111111
11111111111111111000000001111111
11111111111111111110000011111111
11111111111111111111111111111111
11111111111111111111111111111111
11111111111111111111111111111111
