11111111111111111111111111111111
11111111111111111111111111111111
11111111111111111111111111111111
11111111111111111111111111111111
11111111111111111111111111111111
11111111111111111111111111111111
11111111111111111111111111111111
11111111111111111111111111111111
11111111111111111111111111111111
11111111111111111111111111111111
11111111111111111111111111111111
11111111111111111111111111111111
11111111111111111111111111111111
11111111111111111111111111111111
11111111111111101110100011111111
11111111111000000000000000011111
11111110000000000000001100001111
11111000000000000000000111000111
11110000000000011100000000000011
11000000000000000000000000000101
00110000000000000000000000001100
00100000000000000000000000000110
11111000000000001110000000011111
01111100011111111111100001111110
11111111111111111111111111111111
11111111111111111111111111111111
11111111111111111111111111111111
11111111111111111111111111111111
11111111111111111111111111111111
11100000011111111111111111111111
00000000111100000111111000000001
00000111000000000010000000000000
