11111111111111111111111111111111
11111111111111111111111111111111
11111111111100111111111111111111
11111111111000111111111111111111
11111111110000001111111111111111
11111111110000001111111111111111
11111111111000001111111111111111
11111111111000011111111111111111
11111111111000111111011111111111
11111111111000111100001111111111
11111111111100011100001111111111
11111111111100001000001111111111
11111111111100001000011111111111
11111111111100000000011111111111
11111111111100000000011111111111
11111111111100000001111111111111
11111111111100000011111111111111
11111111111100000111111111111111
11111111111000001111111111111111
11111111111000001111111111111111
11111111111000001111111111111111
11111111111000001111111111111111
11111111110000001111111111111111
11111111110000000011111111111111
11111111110000001001111111111111
11111111110000001111111111111111
11111111110000111101111111111111
11111111110001111101111111111111
11111111000001111111111111111111
11111111000011111111111111111111
11110000000011111001111111111111
11100000000001100001111111111111
