10111111110111000000100011111111
10000000000000000000000000000000
00000000000000000000000000000000
00000000000000000000000000000000
00000000011111111111111110000011
00111111111111111111111111111111
11111111111111111111111111111111
11111111111111111111111111111111
11111111111111111111111111111111
11111111111111111111111111111111
00111111111111111111111111111111
01110111111111111111111111111111
11011111111000001111111111101111
11111111100000000000011100000011
11111111100000000000000000000011
11111111110000000000000000000001
11111111111000000001011101000011
11111111111000000001111100000011
11111111111000000001111100000111
01111111111000000111111100000111
00111111111000001111110000001111
11111111111000001111110000001111
11111111110000111111111000011111
11111111111000111111111000011111
11111111111111111111111100011111
11111111111111111111111100011110
11111111111111111111111100001111
11111111111111111111111110001111
11111111111111111111111111011111
11111111111111111111111101111111
11111111111111111111111111111111
11111111111111111111111111111111
