11111011000000000011111001111111
11111000011000000011111001111111
11110000111100001111111111111111
11110000111100001101111111111111
11100000111110000100111111110001
11100000111111100000111111000001
11110100111111100000011111111111
11110000011111100000011111111111
11100000011111100001111111111111
11100000011111100001111111111111
11100000011111100001111111111111
11100000011111111101111111100011
11100000110001011101101111100000
11100001110000001100000111111111
11100001110000011110000111111111
11100011110000111110001111110111
11100011100011111111111110000000
11100011111111111011111100000000
11000011111111111111111110000001
11000011111111110011111100011111
11000011111100001111111111111111
11000011110000000111111111111111
11111000000000000111111111111111
11111100000000000001111111111111
11111100000110000001111111111111
11111000001110001111111111111111
11110000001111111111111111111111
11100000001111111100111111111111
11100000001111111100111111111111
11001000001011111100001111111111
10111111000000110000000111111111
00111111000100000000000111111111
